#JD      =     2455824.64853819      
Wave Flux
3657.2598  20772.97
3658.7361  20666.91
3660.2124  20771.17
3661.6887  20703.23
3663.1651  20670.09
3664.6414  20957.79
3666.1177  20802.26
3667.5940  20682.36
3669.0703  20862.61
3670.5467  21176.31
3672.0230  21547.09
3673.4993  21677.74
3674.9756  21568.85
3676.4520  21587.51
3677.9283  21470.08
3679.4046  21627.68
3680.8809  21995.08
3682.3572  22125.37
3683.8336  22041.22
3685.3099  22052.37
3686.7862  22219.46
3688.2625  22395.96
3689.7388  22739.04
3691.2152  22997.42
3692.6915  23135.99
3694.1678  23124.47
3695.6441  23047.41
3697.1205  23295.19
3698.5968  23834.71
3700.0731  24030.5
3701.5494  23709.16
3703.0257  23514.44
3704.5021  23476.63
3705.9784  23724.13
3707.4547  24371.59
3708.9310  24481.21
3710.4074  23860.26
3711.8837  23982.09
3713.3600  24947.87
3714.8363  26347.17
3716.3126  27477.1
3717.7890  27214.15
3719.2653  25733.89
3720.7416  24298.15
3722.2179  24248.75
3723.6943  25996.95
3725.1706  28769.56
3726.6469  30656.54
3728.1232  31448.23
3729.5995  30600.53
3731.0759  28320.72
3732.5522  25551.17
3734.0285  24097.55
3735.5048  25020.7
3736.9811  28324.89
3738.4575  32021.94
3739.9338  35173.07
3741.4101  36715.58
3742.8864  36844.93
3744.3628  34937.31
3745.8391  32120.25
3747.3154  28611.12
3748.7917  25493.03
3750.2680  25158.16
3751.7444  27301.31
3753.2207  31255.57
3754.6970  35552.74
3756.1733  39459.
3757.6497  42011.34
3759.1260  43714.
3760.6023  44333.96
3762.0786  44096.73
3763.5549  41920.89
3765.0313  38396.81
3766.5076  33671.78
3767.9839  29424.43
3769.4602  26589.1
3770.9366  26353.53
3772.4129  28964.15
3773.8892  33743.06
3775.3655  39074.11
3776.8418  44193.1
3778.3182  49017.32
3779.7945  52866.56
3781.2708  55938.65
3782.7471  56980.37
3784.2234  57456.48
3785.6998  57517.87
3787.1761  56080.57
3788.6524  53372.93
3790.1287  49784.93
3791.6051  44817.42
3793.0814  39155.16
3794.5577  33936.81
3796.0340  29297.13
3797.5103  27079.06
3798.9867  28684.12
3800.4630  33043.45
3801.9393  38931.98
3803.4156  44920.43
3804.8920  50686.49
3806.3683  55912.56
3807.8446  60183.12
3809.3209  63837.97
3810.7972  66603.64
3812.2736  67950.36
3813.7499  68816.19
3815.2262  70214.56
3816.7025  71255.16
3818.1789  71455.16
3819.6552  70237.59
3821.1315  68323.71
3822.6078  66284.69
3824.0841  62862.05
3825.5605  59119.09
3827.0368  54691.53
3828.5131  49499.51
3829.9894  44253.7
3831.4657  38093.89
3832.9421  32244.39
3834.4184  28930.93
3835.8947  28886.19
3837.3710  32090.11
3838.8474  37739.74
3840.3237  44316.26
3841.8000  50962.99
3843.2763  57420.42
3844.7526  63100.8
3846.2290  67769.67
3847.7053  71492.61
3849.1816  74680.19
3850.6579  76955.43
3852.1343  77966.5
3853.6106  79283.68
3855.0869  81442.92
3856.5632  83131.11
3858.0395  84035.38
3859.5159  85096.88
3860.9922  86291.83
3862.4685  86804.36
3863.9448  87423.91
3865.4212  88575.7
3866.8975  88643.44
3868.3738  88188.66
3869.8501  86816.23
3871.3264  84341.21
3872.8028  82052.98
3874.2791  79699.02
3875.7554  76840.67
3877.2317  73196.57
3878.7080  69195.56
3880.1844  65043.09
3881.6607  59400.88
3883.1370  53018.46
3884.6133  46104.37
3886.0897  39137.78
3887.5660  33883.59
3889.0423  32336.53
3890.5186  35086.7
3891.9949  40518.18
3893.4713  47387.61
3894.9476  54422.86
3896.4239  60262.02
3897.9002  65889.34
3899.3766  70706.18
3900.8529  75289.81
3902.3292  79247.11
3903.8055  83292.72
3905.2818  85784.52
3906.7582  89711.05
3908.2345  92674.46
3909.7108  94714.55
3911.1871  95596.41
3912.6635  96217.84
3914.1398  97057.98
3915.6161  98643.93
3917.0924  99081.41
3918.5687  99751.47
3920.0451  100666.
3921.5214  101842.7
3922.9977  102448.9
3924.4740  102185.8
3925.9503  100613.
3927.4267  99144.44
3928.9030  96655.63
3930.3793  92581.91
3931.8556  88501.63
3933.3320  86053.24
3934.8083  88497.02
3936.2846  93724.3
3937.7609  98505.76
3939.2372  100760.9
3940.7136  102092.2
3942.1899  101975.9
3943.6662  101280.
3945.1425  101082.5
3946.6189  100283.4
3948.0952  98813.75
3949.5715  96917.58
3951.0478  95236.48
3952.5241  93685.31
3954.0005  91010.69
3955.4768  88233.78
3956.9531  84633.97
3958.4294  80573.17
3959.9058  75336.56
3961.3821  69622.12
3962.8584  62991.98
3964.3347  55778.26
3965.8110  47666.5
3967.2874  39995.63
3968.7637  35108.61
3970.2400  35015.78
3971.7163  39113.44
3973.1927  46314.52
3974.6690  54382.58
3976.1453  62279.27
3977.6216  69627.41
3979.0979  75721.3
3980.5743  80773.77
3982.0506  85698.4
3983.5269  90576.94
3985.0032  94936.31
3986.4795  98156.87
3987.9559  101027.9
3989.4322  103071.8
3990.9085  104800.4
3992.3848  106326.4
3993.8612  107193.9
3995.3375  108081.9
3996.8138  109964.3
3998.2901  112002.
3999.7664  112513.8
4001.2428  112534.1
4002.7191  112609.1
4004.1954  112973.9
4005.6717  113596.6
4007.1481  114755.7
4008.6244  115531.6
4010.1007  116060.9
4011.5770  117472.2
4013.0533  117670.7
4014.5297  117657.6
4016.0060  118372.1
4017.4823  119428.7
4018.9586  120332.7
4020.4350  120115.3
4021.9113  119389.4
4023.3876  118472.2
4024.8639  118333.8
4026.3402  118631.1
4027.8166  119149.2
4029.2929  119731.2
4030.7692  119939.2
4032.2455  120060.8
4033.7218  120555.4
4035.1982  121500.
4036.6745  121708.1
4038.1508  122052.8
4039.6271  123044.
4041.1035  123647.7
4042.5798  123047.5
4044.0561  121979.7
4045.5324  121615.1
4047.0087  122612.1
4048.4851  123481.1
4049.9614  123446.9
4051.4377  122715.8
4052.9140  121670.6
4054.3904  121264.8
4055.8667  122037.6
4057.3430  122805.8
4058.8193  123335.9
4060.2956  123363.4
4061.7720  122277.2
4063.2483  122010.5
4064.7246  121624.3
4066.2009  120887.8
4067.6773  120489.8
4069.1536  118701.3
4070.6299  118474.5
4072.1062  119083.9
4073.5825  118086.8
4075.0589  116811.9
4076.5352  115271.4
4078.0115  113845.3
4079.4878  113452.9
4080.9641  113149.5
4082.4405  111995.6
4083.9168  109330.
4085.3931  106260.8
4086.8694  102646.8
4088.3458  98429.55
4089.8221  94206.86
4091.2984  89041.59
4092.7747  82889.2
4094.2510  75808.91
4095.7274  68171.93
4097.2037  60256.7
4098.6800  52481.48
4100.1563  46572.39
4101.6327  43961.14
4103.1090  45885.73
4104.5853  52630.16
4106.0616  61370.84
4107.5379  70271.45
4109.0143  77915.
4110.4906  84627.96
4111.9669  91134.11
4113.4432  97335.13
4114.9196  101939.9
4116.3959  105576.7
4117.8722  108551.4
4119.3485  110613.2
4120.8248  113227.7
4122.3012  115669.2
4123.7775  117499.4
4125.2538  119087.3
4126.7301  118481.1
4128.2064  118509.7
4129.6828  119293.6
4131.1591  120963.9
4132.6354  122346.5
4134.1117  123332.5
4135.5881  123012.8
4137.0644  124353.7
4138.5407  127375.6
4140.0170  129438.8
4141.4933  128959.
4142.9697  128466.5
4144.4460  128635.
4145.9223  129022.4
4147.3986  129678.5
4148.8750  130394.8
4150.3513  131621.5
4151.8276  130811.8
4153.3039  130320.3
4154.7802  130314.5
4156.2566  131533.6
4157.7329  131892.4
4159.2092  131782.4
4160.6855  131722.8
4162.1619  131971.1
4163.6382  132195.6
4165.1145  132356.3
4166.5908  133013.2
4168.0671  132821.9
4169.5435  132056.6
4171.0198  130523.1
4172.4961  129012.2
4173.9724  129103.8
4175.4487  129988.4
4176.9251  130081.7
4178.4014  129249.9
4179.8777  129067.5
4181.3540  131300.3
4182.8304  131731.9
4184.3067  131814.4
4185.7830  132419.1
4187.2593  132124.7
4188.7356  132154.9
4190.2120  132916.9
4191.6883  133599.3
4193.1646  134917.4
4194.6409  134924.9
4196.1173  134616.1
4197.5936  133865.1
4199.0699  132925.3
4200.5462  131606.2
4202.0225  132237.3
4203.4989  132937.1
4204.9752  133979.8
4206.4515  134744.6
4207.9278  135041.5
4209.4042  135198.
4210.8805  135122.5
4212.3568  134986.7
4213.8331  135092.6
4215.3094  135369.8
4216.7858  135212.9
4218.2621  134582.6
4219.7384  134209.4
4221.2147  134874.1
4222.6911  134505.2
4224.1674  134104.8
4225.6437  133204.9
4227.1200  133164.4
4228.5963  134158.3
4230.0727  135651.7
4231.5490  134928.3
4233.0253  133270.4
4234.5016  132395.1
4235.9779  132927.1
4237.4543  134968.8
4238.9306  135822.1
4240.4069  136217.4
4241.8832  135660.3
4243.3596  135628.1
4244.8359  136053.6
4246.3122  135295.2
4247.7885  135733.3
4249.2648  136233.5
4250.7412  136275.4
4252.2175  135947.7
4253.6938  135924.3
4255.1701  135120.8
4256.6465  135094.9
4258.1228  134599.4
4259.5991  133681.
4261.0754  134081.3
4262.5517  135550.6
4264.0281  136189.5
4265.5044  136067.9
4266.9807  134103.1
4268.4570  134218.8
4269.9334  134762.6
4271.4097  134572.
4272.8860  134547.6
4274.3623  134938.3
4275.8386  135766.9
4277.3150  136887.7
4278.7913  137685.4
4280.2676  137467.8
4281.7439  135869.2
4283.2202  134127.1
4284.6966  134360.9
4286.1729  134681.8
4287.6492  134363.7
4289.1255  133473.7
4290.6019  133852.5
4292.0782  136109.3
4293.5545  136793.1
4295.0308  134082.2
4296.5071  132380.
4297.9835  130537.1
4299.4598  129898.
4300.9361  129611.8
4302.4124  129293.7
4303.8888  129933.4
4305.3651  130038.5
4306.8414  129712.6
4308.3177  129091.8
4309.7940  129132.9
4311.2704  129184.5
4312.7467  128623.6
4314.2230  127317.4
4315.6993  126310.7
4317.1757  125813.8
4318.6520  124843.9
4320.1283  122767.4
4321.6046  119901.6
4323.0809  116604.7
4324.5573  112958.3
4326.0336  109507.1
4327.5099  106182.3
4328.9862  101212.6
4330.4625  96175.31
4331.9389  90193.17
4333.4152  82931.73
4334.8915  74814.92
4336.3678  67086.42
4337.8442  59636.14
4339.3205  53932.13
4340.7968  52768.55
4342.2731  56673.23
4343.7494  64521.18
4345.2258  73011.17
4346.7021  81296.87
4348.1784  89354.45
4349.6547  95409.03
4351.1311  100618.1
4352.6074  105554.6
4354.0837  110096.6
4355.5600  114347.9
4357.0363  118519.5
4358.5127  122411.2
4359.9890  125335.4
4361.4653  127944.9
4362.9416  129656.9
4364.4180  131464.3
4365.8943  132884.5
4367.3706  133094.5
4368.8469  134105.3
4370.3232  135060.2
4371.7996  135817.
4373.2759  136534.
4374.7522  137736.7
4376.2285  138670.
4377.7048  139403.8
4379.1812  140105.1
4380.6575  139312.2
4382.1338  137404.9
4383.6101  136275.9
4385.0865  134901.1
4386.5628  136112.3
4388.0391  138611.
4389.5154  139470.3
4390.9917  140051.9
4392.4681  140127.9
4393.9444  139791.5
4395.4207  140192.
4396.8970  140303.
4398.3734  140860.2
4399.8497  140928.6
4401.3260  141579.9
4402.8023  141492.1
4404.2786  141944.7
4405.7550  142148.5
4407.2313  142491.7
4408.7076  143039.9
4410.1839  142814.1
4411.6603  142671.3
4413.1366  142573.5
4414.6129  141158.3
4416.0892  139881.8
4417.5655  139654.
4419.0419  140835.4
4420.5182  142028.2
4421.9945  143110.1
4423.4708  142344.6
4424.9471  141509.7
4426.4235  141083.6
4427.8998  141169.8
4429.3761  141032.7
4430.8524  141660.9
4432.3288  141917.9
4433.8051  141281.
4435.2814  141108.2
4436.7577  141838.1
4438.2340  142971.5
4439.7104  143025.1
4441.1867  142379.3
4442.6630  141362.
4444.1393  140345.
4445.6157  139327.7
4447.0920  139046.6
4448.5683  140597.3
4450.0446  141842.7
4451.5209  142423.3
4452.9973  142693.9
4454.4736  142457.8
4455.9499  142047.8
4457.4262  142116.2
4458.9026  141261.2
4460.3789  141284.5
4461.8552  141201.8
4463.3315  140852.5
4464.8078  142178.1
4466.2842  143358.5
4467.7605  142809.4
4469.2368  142015.6
4470.7131  142733.1
4472.1894  142886.5
4473.6658  143272.8
4475.1421  144398.6
4476.6184  143658.9
4478.0947  141586.1
4479.5711  138666.3
4481.0474  136060.8
4482.5237  136986.3
4484.0000  140021.4
4485.4763  142138.9
4486.9527  143022.8
4488.4290  144576.2
4489.9053  145176.9
4491.3816  145443.3
4492.8580  145605.1
4494.3343  147220.8
4495.8106  147043.1
4497.2869  146793.9
4498.7632  146209.3
4500.2396  145898.8
4501.7159  146007.6
4503.1922  146628.
4504.6685  147459.7
4506.1449  147364.9
4507.6212  146818.9
4509.0975  146789.
4510.5738  146675.3
4512.0501  146911.6
4513.5265  147079.7
4515.0028  145808.5
4516.4791  144741.2
4517.9554  143396.
4519.4318  141857.5
4520.9081  141937.
4522.3844  144154.2
4523.8607  145628.6
4525.3370  146001.2
4526.8134  146334.3
4528.2897  146935.3
4529.7660  146923.7
4531.2423  147453.7
4532.7186  147180.6
4534.1950  147056.
4535.6713  147703.3
4537.1476  148417.9
4538.6239  148766.4
4540.1003  148577.7
4541.5766  147470.2
4543.0529  146989.6
4544.5292  147519.8
4546.0055  147069.7
4547.4819  145506.7
4548.9582  144035.9
4550.4345  142831.1
4551.9108  144030.9
4553.3872  145394.4
4554.8635  145276.4
4556.3398  143914.
4557.8161  143566.
4559.2924  145378.
4560.7688  147149.3
4562.2451  147672.5
4563.7214  147135.
4565.1977  147452.8
4566.6741  148130.6
4568.1504  148180.5
4569.6267  147006.6
4571.1030  146014.
4572.5793  145857.3
4574.0557  146461.7
4575.5320  147190.1
4577.0083  146851.2
4578.4846  146815.8
4579.9609  146541.6
4581.4373  144684.
4582.9136  142866.5
4584.3899  142385.9
4585.8662  142935.
4587.3426  144652.4
4588.8189  145058.1
4590.2952  144814.5
4591.7715  144595.5
4593.2478  142974.6
4594.7242  142471.6
4596.2005  144798.4
4597.6768  147414.2
4599.1531  147657.4
4600.6295  147613.
4602.1058  147795.1
4603.5821  147589.3
4605.0584  148448.3
4606.5347  149238.
4608.0111  148679.7
4609.4874  147655.7
4610.9637  147363.1
4612.4400  146965.3
4613.9164  145612.6
4615.3927  144564.4
4616.8690  144480.2
4618.3453  144162.7
4619.8216  144467.2
4621.2980  146243.8
4622.7743  147873.
4624.2506  147966.6
4625.7269  148330.3
4627.2032  147213.3
4628.6796  146209.7
4630.1559  145958.5
4631.6322  146030.6
4633.1085  145556.
4634.5849  146065.6
4636.0612  147139.3
4637.5375  148212.8
4639.0138  149940.2
4640.4901  150199.1
4641.9665  150005.7
4643.4428  149681.3
4644.9191  148902.
4646.3954  148861.4
4647.8718  149669.9
4649.3481  149750.4
4650.8244  149320.8
4652.3007  149724.3
4653.7770  150063.7
4655.2534  149112.7
4656.7297  148533.2
4658.2060  148676.9
4659.6823  148855.7
4661.1587  147716.5
4662.6350  146966.
4664.1113  146587.5
4665.5876  147384.5
4667.0639  147438.6
4668.5403  147536.2
4670.0166  148143.4
4671.4929  147861.9
4672.9692  148386.8
4674.4455  148235.8
4675.9219  148603.3
4677.3982  147992.8
4678.8745  148593.1
4680.3508  149419.4
4681.8272  149907.2
4683.3035  149620.5
4684.7798  149614.8
4686.2561  149964.9
4687.7324  149890.4
4689.2088  149814.7
4690.6851  149971.8
4692.1614  149367.7
4693.6377  149983.4
4695.1141  149779.6
4696.5904  149693.3
4698.0667  149195.1
4699.5430  148308.1
4701.0193  148556.7
4702.4957  147988.5
4703.9720  147839.5
4705.4483  148183.4
4706.9246  148683.8
4708.4010  148315.9
4709.8773  148903.3
4711.3536  148382.7
4712.8299  147966.8
4714.3062  148514.7
4715.7826  148473.2
4717.2589  148269.2
4718.7352  149345.2
4720.2115  149682.8
4721.6878  149315.1
4723.1642  149036.8
4724.6405  148947.3
4726.1168  149510.3
4727.5931  148657.3
4729.0695  147800.4
4730.5458  147804.6
4732.0221  147980.2
4733.4984  147751.9
4734.9747  147782.4
4736.4511  147730.4
4737.9274  148033.3
4739.4037  148195.9
4740.8800  148038.1
4742.3564  147979.3
4743.8327  147996.9
4745.3090  147642.8
4746.7853  148326.7
4748.2616  147838.5
4749.7380  147482.8
4751.2143  147842.3
4752.6906  147410.4
4754.1669  147182.5
4755.6433  146620.8
4757.1196  146274.9
4758.5959  146740.8
4760.0722  146877.6
4761.5485  146018.2
4763.0249  145944.1
4764.5012  145544.
4765.9775  145224.2
4767.4538  144661.5
4768.9302  145318.3
4770.4065  145933.6
4771.8828  145778.8
4773.3591  145893.3
4774.8354  145598.2
4776.3118  145717.2
4777.7881  146317.
4779.2644  145811.1
4780.7407  145407.8
4782.2170  146209.
4783.6934  146510.9
4785.1697  145770.1
4786.6460  145474.1
4788.1223  145602.3
4789.5987  145569.9
4791.0750  146006.4
4792.5513  145902.5
4794.0276  145916.7
4795.5039  146192.9
4796.9803  145672.4
4798.4566  145233.
4799.9329  144682.8
4801.4092  144427.5
4802.8856  144800.5
4804.3619  144168.8
4805.8382  143621.4
4807.3145  143741.7
4808.7908  143370.7
4810.2672  142575.2
4811.7435  142899.7
4813.2198  143239.5
4814.6961  143359.3
4816.1725  142820.3
4817.6488  142179.4
4819.1251  142526.6
4820.6014  141847.3
4822.0777  140119.5
4823.5541  138553.2
4825.0304  138030.1
4826.5067  138725.2
4827.9830  138753.7
4829.4593  138086.8
4830.9357  137200.
4832.4120  136560.9
4833.8883  135704.
4835.3646  134471.2
4836.8410  131951.6
4838.3173  129730.3
4839.7936  129464.4
4841.2699  128515.8
4842.7462  125894.8
4844.2226  123197.
4845.6989  120018.2
4847.1752  116061.2
4848.6515  112006.4
4850.1279  107608.2
4851.6042  102964.4
4853.0805  97227.37
4854.5568  90470.25
4856.0331  83757.59
4857.5095  76210.25
4858.9858  68300.23
4860.4621  61737.72
4861.9384  59297.38
4863.4148  62645.58
4864.8911  69951.97
4866.3674  78543.06
4867.8437  86184.14
4869.3200  92662.54
4870.7964  98743.91
4872.2727  103453.2
4873.7490  107302.7
4875.2253  111859.3
4876.7016  115497.5
4878.1780  118446.2
4879.6543  121596.5
4881.1306  124135.4
4882.6069  126215.1
4884.0833  127649.8
4885.5596  129036.1
4887.0359  130653.9
4888.5122  131873.9
4889.9885  132639.8
4891.4649  133382.1
4892.9412  134493.6
4894.4175  135784.8
4895.8938  136534.3
4897.3702  136706.4
4898.8465  137480.7
4900.3228  137856.5
4901.7991  137923.3
4903.2754  138735.
4904.7518  139507.1
4906.2281  140017.3
4907.7044  140295.7
4909.1807  140597.4
4910.6571  139819.5
4912.1334  139040.5
4913.6097  139423.4
4915.0860  139227.5
4916.5623  139345.6
4918.0387  139268.5
4919.5150  138146.9
4920.9913  137004.4
4922.4676  136399.2
4923.9439  136200.
4925.4203  136678.9
4926.8966  138486.8
4928.3729  140214.6
4929.8492  140964.9
4931.3256  140396.
4932.8019  140008.2
4934.2782  139386.
4935.7545  139174.9
4937.2308  140231.
4938.7072  139889.3
4940.1835  139826.4
4941.6598  140580.3
4943.1361  140768.
4944.6125  140557.2
4946.0888  140613.5
4947.5651  140825.1
4949.0414  140741.4
4950.5177  140216.2
4951.9941  139995.9
4953.4704  140052.9
4954.9467  140408.8
4956.4230  139587.6
4957.8994  139471.6
4959.3757  139660.9
4960.8520  140462.
4962.3283  141579.1
4963.8046  142307.3
4965.2810  141628.9
4966.7573  141184.2
4968.2336  140780.4
4969.7099  141089.
4971.1862  141052.2
4972.6626  141490.
4974.1389  141408.2
4975.6152  141573.7
4977.0915  141517.5
4978.5679  140686.5
4980.0442  140038.1
4981.5205  139436.4
4982.9968  138439.4
4984.4731  138597.8
4985.9495  138750.4
4987.4258  139607.
4988.9021  140167.4
4990.3784  139493.1
4991.8548  139382.6
4993.3311  139960.7
4994.8074  140580.2
4996.2837  140740.2
4997.7600  140080.9
4999.2364  139697.5
5000.7127  139022.4
5002.1890  138587.9
5003.6653  138301.2
5005.1417  137179.3
5006.6180  137115.8
5008.0943  137946.8
5009.5706  138296.7
5011.0469  138571.6
5012.5233  138002.4
5013.9996  137121.9
5015.4759  136359.2
5016.9522  135362.5
5018.4285  134195.1
5019.9049  134141.4
5021.3812  135183.7
5022.8575  136308.3
5024.3338  137692.3
5025.8102  137949.6
5027.2865  137865.9
5028.7628  137572.7
5030.2391  137142.
5031.7154  136522.4
5033.1918  136874.2
5034.6681  137347.3
5036.1444  136766.8
5037.6207  136652.7
5039.0971  136127.8
5040.5734  135094.
5042.0497  134615.3
5043.5260  135134.6
5045.0023  136061.1
5046.4787  136416.1
5047.9550  136254.8
5049.4313  136120.
5050.9076  136032.7
5052.3840  135435.
5053.8603  134740.
5055.3366  134174.4
5056.8129  134384.9
5058.2892  134671.2
5059.7656  135563.9
5061.2419  136301.2
5062.7182  136192.7
5064.1945  136392.
5065.6709  136405.7
5067.1472  136326.3
5068.6235  136299.8
5070.0998  135884.9
5071.5761  135764.2
5073.0525  135655.2
5074.5288  135138.1
5076.0051  135157.1
5077.4814  135479.9
5078.9577  134995.9
5080.4341  134799.6
5081.9104  134662.2
5083.3867  134605.2
5084.8630  135003.5
5086.3394  134743.6
5087.8157  134550.7
5089.2920  134523.1
5090.7683  134463.9
5092.2446  134290.9
5093.7210  134372.8
5095.1973  134686.4
5096.6736  134030.1
5098.1499  133253.2
5099.6263  132717.2
5101.1026  132603.2
5102.5789  133150.4
5104.0552  134075.1
5105.5315  134612.6
5107.0079  134173.5
5108.4842  133520.6
5109.9605  133371.6
5111.4368  133302.4
5112.9132  133375.4
5114.3895  133864.8
5115.8658  134194.5
5117.3421  134695.1
5118.8184  134709.1
5120.2948  134163.3
5121.7711  133967.2
5123.2474  133533.1
5124.7237  133274.5
5126.2000  133255.2
5127.6764  132792.3
5129.1527  132691.1
5130.6290  132405.6
5132.1053  132411.4
5133.5817  132715.3
5135.0580  132595.1
5136.5343  132609.1
5138.0106  132295.2
5139.4869  131638.4
5140.9633  131231.2
5142.4396  131560.4
5143.9159  131637.2
5145.3922  131284.9
5146.8686  131182.9
5148.3449  130991.6
5149.8212  130804.9
5151.2975  130880.5
5152.7738  130505.
5154.2502  131247.1
5155.7265  131314.
5157.2028  131359.5
5158.6791  131228.3
5160.1555  131709.7
5161.6318  131368.1
5163.1081  130141.
5164.5844  129460.9
5166.0607  128295.2
5167.5371  126501.4
5169.0134  124373.2
5170.4897  124091.2
5171.9660  125363.7
5173.4423  126289.6
5174.9187  127479.7
5176.3950  129288.7
5177.8713  130017.2
5179.3476  130077.2
5180.8240  129847.4
5182.3003  128716.3
5183.7766  127267.6
5185.2529  126292.4
5186.7292  127305.4
5188.2056  128134.5
5189.6819  128451.4
5191.1582  128880.2
5192.6345  128650.4
5194.1109  128314.8
5195.5872  128019.8
5197.0635  127481.9
5198.5398  127535.8
5200.0161  127984.2
5201.4925  128553.7
5202.9688  128435.
5204.4451  128481.1
5205.9214  127870.3
5207.3978  127557.6
5208.8741  127500.6
5210.3504  127727.9
5211.8267  128189.9
5213.3030  128080.4
5214.7794  128053.3
5216.2557  127827.9
5217.7320  127920.
5219.2083  128482.8
5220.6846  128226.5
5222.1610  128566.9
5223.6373  128360.7
5225.1136  127201.2
5226.5899  125718.9
5228.0663  125550.7
5229.5426  125854.6
5231.0189  125915.
5232.4952  125905.
5233.9715  125982.9
5235.4479  125256.5
5236.9242  124956.9
5238.4005  124877.5
5239.8768  125492.1
5241.3532  126746.
5242.8295  127470.2
5244.3058  127223.4
5245.7821  126521.7
5247.2584  126516.1
5248.7348  127105.9
5250.2111  126812.5
5251.6874  126419.5
5253.1637  126187.8
5254.6401  126591.5
5256.1164  126186.
5257.5927  125791.7
5259.0690  125563.3
5260.5453  125158.4
5262.0217  124827.1
5263.4980  124051.1
5264.9743  123546.3
5266.4506  123132.7
5267.9269  123104.3
5269.4033  123324.7
5270.8796  123387.6
5272.3559  123465.9
5273.8322  123266.9
5275.3086  122842.3
5276.7849  122580.8
5278.2612  123216.6
5279.7375  124086.8
5281.2138  124584.5
5282.6902  124468.3
5284.1665  124127.
5285.6428  124270.3
5287.1191  124796.5
5288.5955  125228.1
5290.0718  125236.1
5291.5481  125143.
5293.0244  125271.7
5294.5007  124982.7
5295.9771  124855.
5297.4534  124510.2
5298.9297  123828.7
5300.4060  123738.1
5301.8824  123651.2
5303.3587  123821.1
5304.8350  123880.8
5306.3113  123899.7
5307.7876  123831.8
5309.2640  123765.1
5310.7403  123780.9
5312.2166  123629.5
5313.6929  123553.8
5315.1692  122518.6
5316.6456  122357.9
5318.1219  122197.2
5319.5982  122036.6
5321.0745  121875.9
5322.5509  121715.2
5324.0272  121554.5
5325.5035  121393.9
5326.9798  121233.2
5328.4561  120897.4
5329.9325  120417.3
5331.4088  120953.3
5332.8851  121678.2
5334.3614  121998.1
5335.8378  121319.1
5337.3141  120784.5
5338.7904  121182.1
5340.2667  121641.7
5341.7430  121710.9
5343.2194  122165.9
5344.6957  121981.5
5346.1720  121525.7
5347.6483  121814.6
5349.1247  121795.1
5350.6010  122162.1
5352.0773  122771.7
5353.5536  122612.4
5355.0299  122997.1
5356.5063  122406.1
5357.9826  122309.7
5359.4589  122229.9
5360.9352  121410.
5362.4116  121001.
5363.8879  120712.3
5365.3642  120522.2
5366.8405  120723.5
5368.3168  121191.7
5369.7932  120874.3
5371.2695  120504.
5372.7458  121521.7
5374.2221  122360.
5375.6984  122905.7
5377.1748  122995.5
5378.6511  123254.
5380.1274  122677.4
5381.6037  122765.5
5383.0801  122048.8
5384.5564  121944.1
5386.0327  122227.2
5387.5090  122715.3
5388.9853  122788.
5390.4617  122673.1
5391.9380  122558.1
