#JD      =     2455818.73933738                                                  

Wave Flux
3657.2598  14173.11
3658.7361  14111.89
3660.2124  14115.38
3661.6887  14093.02
3663.1651  14216.16
3664.6414  14352.39
3666.1177  14255.21
3667.5940  14367.25
3669.0703  14323.5
3670.5467  14395.78
3672.0230  14497.87
3673.4993  14509.27
3674.9756  14549.5
3676.4520  14510.96
3677.9283  14544.82
3679.4046  14585.79
3680.8809  14705.85
3682.3572  14688.08
3683.8336  14724.75
3685.3099  14820.09
3686.7862  15014.86
3688.2625  15254.24
3689.7388  15282.93
3691.2152  15228.58
3692.6915  15413.79
3694.1678  15548.45
3695.6441  15694.6
3697.1205  15951.4
3698.5968  16120.67
3700.0731  16041.7
3701.5494  15827.4
3703.0257  15740.63
3704.5021  16042.6
3705.9784  16409.37
3707.4547  16574.92
3708.9310  16375.03
3710.4074  16130.92
3711.8837  16431.31
3713.3600  17361.93
3714.8363  18316.69
3716.3126  18833.03
3717.7890  17952.7
3719.2653  16708.94
3720.7416  16090.77
3722.2179  16696.25
3723.6943  18319.39
3725.1706  19797.59
3726.6469  20870.34
3728.1232  21076.46
3729.5995  20109.93
3731.0759  18433.72
3732.5522  16908.05
3734.0285  16492.
3735.5048  17748.16
3736.9811  20069.67
3738.4575  22842.38
3739.9338  24492.56
3741.4101  25182.04
3742.8864  24494.17
3744.3628  22874.58
3745.8391  20793.01
3747.3154  18501.6
3748.7917  17275.25
3750.2680  17795.15
3751.7444  20021.66
3753.2207  23148.32
3754.6970  26210.83
3756.1733  28150.93
3757.6497  29698.53
3759.1260  30384.35
3760.6023  30403.29
3762.0786  29735.31
3763.5549  28074.62
3765.0313  25524.42
3766.5076  22608.25
3767.9839  19857.96
3769.4602  18193.54
3770.9366  18927.57
3772.4129  21550.79
3773.8892  25330.04
3775.3655  29295.67
3776.8418  32849.5
3778.3182  35984.84
3779.7945  38443.42
3781.2708  40092.12
3782.7471  41046.45
3784.2234  41364.64
3785.6998  40584.65
3787.1761  38669.88
3788.6524  36584.46
3790.1287  33829.32
3791.6051  30347.03
3793.0814  26378.07
3794.5577  22768.96
3796.0340  20191.12
3797.5103  19693.17
3798.9867  21642.85
3800.4630  25298.5
3801.9393  29430.82
3803.4156  33535.46
3804.8920  37545.64
3806.3683  40947.71
3807.8446  44372.34
3809.3209  47032.98
3810.7972  48465.39
3812.2736  49351.96
3813.7499  50081.32
3815.2262  50924.87
3816.7025  51313.48
3818.1789  50827.25
3819.6552  49957.44
3821.1315  48868.27
3822.6078  46628.59
3824.0841  43790.73
3825.5605  41087.39
3827.0368  37883.77
3828.5131  33998.72
3829.9894  29692.27
3831.4657  25604.32
3832.9421  22076.27
3834.4184  20535.47
3835.8947  21592.68
3837.3710  24793.91
3838.8474  29047.75
3840.3237  33897.52
3841.8000  39051.82
3843.2763  43555.23
3844.7526  47234.16
3846.2290  50118.52
3847.7053  52783.99
3849.1816  55122.74
3850.6579  57214.27
3852.1343  58748.31
3853.6106  59713.43
3855.0869  60268.03
3856.5632  60891.81
3858.0395  61915.27
3859.5159  62417.52
3860.9922  62951.2
3862.4685  63348.26
3863.9448  63615.2
3865.4212  63830.64
3866.8975  63778.02
3868.3738  63199.21
3869.8501  62298.49
3871.3264  60930.87
3872.8028  59750.25
3874.2791  57722.38
3875.7554  55253.49
3877.2317  52161.3
3878.7080  48907.69
3880.1844  45116.64
3881.6607  40990.36
3883.1370  36562.05
3884.6133  31366.02
3886.0897  26585.59
3887.5660  24062.35
3889.0423  24138.
3890.5186  27376.36
3891.9949  31653.62
3893.4713  36952.21
3894.9476  41947.8
3896.4239  46581.59
3897.9002  50413.86
3899.3766  53978.64
3900.8529  57084.03
3902.3292  59899.
3903.8055  62236.8
3905.2818  64649.12
3906.7582  66928.07
3908.2345  69233.28
3909.7108  70427.73
3911.1871  71137.62
3912.6635  71254.86
3914.1398  72095.67
3915.6161  72943.78
3917.0924  73418.25
3918.5687  73802.41
3920.0451  74477.23
3921.5214  75222.26
3922.9977  75348.14
3924.4740  75448.43
3925.9503  75380.36
3927.4267  73861.91
3928.9030  71809.67
3930.3793  68918.13
3931.8556  65593.
3933.3320  64873.33
3934.8083  67228.27
3936.2846  71306.06
3937.7609  74192.14
3939.2372  75571.72
3940.7136  75724.3
3942.1899  75877.92
3943.6662  75429.36
3945.1425  74988.08
3946.6189  74464.45
3948.0952  73826.38
3949.5715  72761.31
3951.0478  71499.17
3952.5241  69824.59
3954.0005  67992.95
3955.4768  65306.63
3956.9531  62669.38
3958.4294  59982.21
3959.9058  55721.93
3961.3821  50895.12
3962.8584  46129.81
3964.3347  40564.68
3965.8110  34198.93
3967.2874  28903.2
3968.7637  26438.38
3970.2400  27282.51
3971.7163  31372.51
3973.1927  36975.84
3974.6690  43397.17
3976.1453  49118.07
3977.6216  53823.24
3979.0979  58684.37
3980.5743  62854.34
3982.0506  65955.96
3983.5269  69699.28
3985.0032  73041.45
3986.4795  75660.95
3987.9559  77735.16
3989.4322  79715.11
3990.9085  81392.26
3992.3848  82916.34
3993.8612  83672.28
3995.3375  84209.73
3996.8138  84744.14
3998.2901  85758.84
3999.7664  86749.61
4001.2428  87013.66
4002.7191  87031.73
4004.1954  87469.65
4005.6717  87599.36
4007.1481  88688.12
4008.6244  89499.23
4010.1007  89665.8
4011.5770  90182.92
4013.0533  90257.41
4014.5297  91133.22
4016.0060  91758.17
4017.4823  92595.8
4018.9586  92569.26
4020.4350  92316.97
4021.9113  92183.44
4023.3876  91558.33
4024.8639  91374.99
4026.3402  91622.88
4027.8166  91897.02
4029.2929  92783.44
4030.7692  93345.01
4032.2455  93770.27
4033.7218  94116.
4035.1982  94711.15
4036.6745  95229.49
4038.1508  95619.14
4039.6271  95817.66
4041.1035  95778.98
4042.5798  95598.97
4044.0561  94889.94
4045.5324  94839.49
4047.0087  95354.48
4048.4851  95934.73
4049.9614  96282.84
4051.4377  96161.03
4052.9140  96401.48
4054.3904  96402.72
4055.8667  96160.3
4057.3430  96065.5
4058.8193  96180.89
4060.2956  95988.45
4061.7720  95490.16
4063.2483  95344.88
4064.7246  95001.27
4066.2009  95219.84
4067.6773  95369.23
4069.1536  94989.62
4070.6299  94609.94
4072.1062  94083.55
4073.5825  92945.53
4075.0589  92073.56
4076.5352  91297.38
4078.0115  90428.3
4079.4878  89951.3
4080.9641  89119.42
4082.4405  87504.39
4083.9168  85686.17
4085.3931  83695.99
4086.8694  81122.55
4088.3458  78057.06
4089.8221  74520.45
4091.2984  70390.09
4092.7747  64985.09
4094.2510  59301.82
4095.7274  53228.82
4097.2037  46979.59
4098.6800  40882.42
4100.1563  36492.94
4101.6327  35631.75
4103.1090  38414.57
4104.5853  44351.98
4106.0616  51232.54
4107.5379  57618.91
4109.0143  64260.08
4110.4906  69373.87
4111.9669  74359.47
4113.4432  78746.57
4114.9196  82735.07
4116.3959  85827.3
4117.8722  88172.08
4119.3485  90193.56
4120.8248  92400.82
4122.3012  93662.04
4123.7775  95091.7
4125.2538  95788.31
4126.7301  96161.84
4128.2064  96452.34
4129.6828  96667.34
4131.1591  98203.03
4132.6354  100062.7
4134.1117  101683.7
4135.5881  102826.
4137.0644  104161.
4138.5407  104848.4
4140.0170  105302.3
4141.4933  104729.4
4142.9697  104674.7
4144.4460  104984.2
4145.9223  106125.9
4147.3986  106797.2
4148.8750  106919.7
4150.3513  107139.3
4151.8276  107103.4
4153.3039  107332.4
4154.7802  107614.8
4156.2566  107382.4
4157.7329  108210.6
4159.2092  109064.9
4160.6855  108651.2
4162.1619  108421.9
4163.6382  108306.
4165.1145  108947.7
4166.5908  109104.9
4168.0671  108638.1
4169.5435  108477.6
4171.0198  107460.7
4172.4961  106904.3
4173.9724  106908.8
4175.4487  107449.3
4176.9251  107825.8
4178.4014  107443.3
4179.8777  107930.9
4181.3540  108822.
4182.8304  109975.5
4184.3067  110341.9
4185.7830  110160.7
4187.2593  110385.7
4188.7356  110961.7
4190.2120  111754.
4191.6883  112033.4
4193.1646  112086.4
4194.6409  111822.
4196.1173  111991.4
4197.5936  111387.7
4199.0699  111097.6
4200.5462  111455.5
4202.0225  111931.5
4203.4989  112406.3
4204.9752  113168.
4206.4515  113508.3
4207.9278  113645.1
4209.4042  113805.6
4210.8805  113811.4
4212.3568  114222.5
4213.8331  113919.2
4215.3094  113873.1
4216.7858  114006.6
4218.2621  114110.6
4219.7384  114315.6
4221.2147  114769.9
4222.6911  114138.5
4224.1674  113788.9
4225.6437  113068.6
4227.1200  113014.5
4228.5963  114133.4
4230.0727  114681.1
4231.5490  114335.8
4233.0253  113815.
4234.5016  114077.4
4235.9779  114573.6
4237.4543  115216.9
4238.9306  115418.4
4240.4069  115096.8
4241.8832  115698.
4243.3596  116288.9
4244.8359  115575.2
4246.3122  115499.9
4247.7885  115679.1
4249.2648  115560.3
4250.7412  115826.8
4252.2175  115907.5
4253.6938  116894.2
4255.1701  117615.5
4256.6465  117414.7
4258.1228  116876.1
4259.5991  116661.5
4261.0754  116021.6
4262.5517  116349.8
4264.0281  117980.7
4265.5044  118411.7
4266.9807  117802.9
4268.4570  117218.7
4269.9334  116015.7
4271.4097  115343.
4272.8860  115696.4
4274.3623  116011.9
4275.8386  117288.9
4277.3150  117948.5
4278.7913  117933.
4280.2676  118389.5
4281.7439  117981.7
4283.2202  118260.1
4284.6966  118005.1
4286.1729  117999.1
4287.6492  117318.1
4289.1255  116771.5
4290.6019  117048.
4292.0782  117229.9
4293.5545  116920.4
4295.0308  117148.7
4296.5071  116379.3
4297.9835  115538.2
4299.4598  114673.4
4300.9361  114040.5
4302.4124  114152.
4303.8888  114867.6
4305.3651  115147.
4306.8414  114829.7
4308.3177  114532.3
4309.7940  113930.7
4311.2704  113212.6
4312.7467  112237.9
4314.2230  111244.3
4315.6993  110339.5
4317.1757  110207.9
4318.6520  109559.7
4320.1283  107809.8
4321.6046  105065.4
4323.0809  102942.7
4324.5573  99750.62
4326.0336  95943.44
4327.5099  92860.25
4328.9862  88763.43
4330.4625  83548.16
4331.9389  79011.88
4333.4152  72645.23
4334.8915  65809.27
4336.3678  58533.55
4337.8442  51695.95
4339.3205  47013.56
4340.7968  46391.53
4342.2731  50576.32
4343.7494  58043.09
4345.2258  65647.3
4346.7021  72905.94
4348.1784  79301.52
4349.6547  84678.72
4351.1311  89234.45
4352.6074  93915.59
4354.0837  98805.83
4355.5600  103140.9
4357.0363  106264.8
4358.5127  108747.4
4359.9890  111391.7
4361.4653  113648.2
4362.9416  115307.9
4364.4180  116777.1
4365.8943  117731.
4367.3706  118684.2
4368.8469  119305.4
4370.3232  121354.8
4371.7996  123317.3
4373.2759  123816.5
4374.7522  124078.4
4376.2285  124514.1
4377.7048  124928.7
4379.1812  124947.1
4380.6575  124294.9
4382.1338  123119.5
4383.6101  121573.4
4385.0865  121389.2
4386.5628  123076.8
4388.0391  124253.3
4389.5154  124855.3
4390.9917  125228.8
4392.4681  125487.
4393.9444  125484.8
4395.4207  125355.6
4396.8970  126528.5
4398.3734  127721.4
4399.8497  127531.9
4401.3260  127227.
4402.8023  127077.6
4404.2786  127494.1
4405.7550  128180.7
4407.2313  128352.
4408.7076  128516.1
4410.1839  129266.4
4411.6603  128968.
4413.1366  128625.
4414.6129  127431.9
4416.0892  126764.4
4417.5655  126979.3
4419.0419  128278.7
4420.5182  129276.2
4421.9945  129441.4
4423.4708  129329.4
4424.9471  129095.2
4426.4235  128796.8
4427.8998  128909.7
4429.3761  129101.4
4430.8524  128633.1
4432.3288  129032.4
4433.8051  128708.8
4435.2814  128823.5
4436.7577  129402.8
4438.2340  131018.
4439.7104  130826.6
4441.1867  130165.1
4442.6630  129766.6
4444.1393  128876.2
4445.6157  129539.8
4447.0920  130758.1
4448.5683  131420.
4450.0446  131406.6
4451.5209  131155.3
4452.9973  131644.2
4454.4736  131774.7
4455.9499  132062.
4457.4262  132457.6
4458.9026  132536.7
4460.3789  132794.2
4461.8552  133125.7
4463.3315  132187.9
4464.8078  132948.7
4466.2842  132201.8
4467.7605  131393.1
4469.2368  131125.1
4470.7131  131276.
4472.1894  131795.3
4473.6658  132816.
4475.1421  133064.9
4476.6184  132943.6
4478.0947  130706.6
4479.5711  126819.8
4481.0474  124935.7
4482.5237  127103.9
4484.0000  131411.7
4485.4763  133667.3
4486.9527  134144.6
4488.4290  133274.4
4489.9053  133310.5
4491.3816  133622.4
4492.8580  134376.2
4494.3343  135331.
4495.8106  136222.3
4497.2869  136444.2
4498.7632  136317.2
4500.2396  135306.2
4501.7159  135055.6
4503.1922  135310.5
4504.6685  135710.5
4506.1449  135657.8
4507.6212  135434.9
4509.0975  135847.7
4510.5738  136788.9
4512.0501  136551.8
4513.5265  136436.9
4515.0028  135835.7
4516.4791  135448.7
4517.9554  136220.3
4519.4318  135710.6
4520.9081  134862.2
4522.3844  134633.4
4523.8607  135239.9
4525.3370  135951.
4526.8134  136432.4
4528.2897  136457.2
4529.7660  135614.9
4531.2423  135667.7
4532.7186  135549.8
4534.1950  135157.
4535.6713  135793.4
4537.1476  137234.8
4538.6239  137572.9
4540.1003  136911.7
4541.5766  136891.8
4543.0529  137292.
4544.5292  137807.9
4546.0055  136661.
4547.4819  135023.7
4548.9582  133284.3
4550.4345  133430.5
4551.9108  134269.7
4553.3872  134242.3
4554.8635  134337.7
4556.3398  134738.3
4557.8161  135474.6
4559.2924  136888.
4560.7688  137758.9
4562.2451  137727.3
4563.7214  137941.6
4565.1977  138335.3
4566.6741  138542.7
4568.1504  138791.7
4569.6267  138371.2
4571.1030  137805.7
4572.5793  137605.9
4574.0557  137659.6
4575.5320  138036.2
4577.0083  138038.
4578.4846  138095.4
4579.9609  137666.5
4581.4373  136912.6
4582.9136  136114.2
4584.3899  136184.3
4585.8662  137066.5
4587.3426  137638.2
4588.8189  137718.3
4590.2952  138245.5
4591.7715  138457.8
4593.2478  139104.6
4594.7242  139527.4
4596.2005  139690.3
4597.6768  139511.4
4599.1531  139743.2
4600.6295  140314.9
4602.1058  140408.9
4603.5821  140621.2
4605.0584  140645.6
4606.5347  140916.
4608.0111  140981.4
4609.4874  141449.4
4610.9637  141316.7
4612.4400  141307.9
4613.9164  141025.3
4615.3927  140307.4
4616.8690  139824.9
4618.3453  139277.9
4619.8216  139518.5
4621.2980  140338.8
4622.7743  141292.
4624.2506  141345.5
4625.7269  141711.6
4627.2032  140988.8
4628.6796  140246.6
4630.1559  140079.
4631.6322  139934.4
4633.1085  139628.6
4634.5849  139319.9
4636.0612  140422.7
4637.5375  141144.9
4639.0138  141983.3
4640.4901  142651.3
4641.9665  142761.7
4643.4428  142951.5
4644.9191  143307.9
4646.3954  142898.5
4647.8718  142716.1
4649.3481  142899.7
4650.8244  143321.
4652.3007  142986.9
4653.7770  142421.5
4655.2534  142838.3
4656.7297  142687.9
4658.2060  142810.8
4659.6823  143431.4
4661.1587  143433.
4662.6350  142568.9
4664.1113  142091.9
4665.5876  141693.6
4667.0639  141082.5
4668.5403  141532.1
4670.0166  142579.4
4671.4929  143495.1
4672.9692  143544.2
4674.4455  143540.1
4675.9219  143797.9
4677.3982  144227.7
4678.8745  143979.2
4680.3508  143634.5
4681.8272  143923.4
4683.3035  144362.7
4684.7798  144242.4
4686.2561  144600.2
4687.7324  144679.5
4689.2088  144054.8
4690.6851  144468.3
4692.1614  144794.7
4693.6377  144261.
4695.1141  144554.4
4696.5904  144309.8
4698.0667  144219.2
4699.5430  143724.4
4701.0193  143061.6
4702.4957  142692.5
4703.9720  143572.5
4705.4483  143749.5
4706.9246  143613.8
4708.4010  144078.2
4709.8773  144139.8
4711.3536  143989.7
4712.8299  144369.9
4714.3062  144331.8
4715.7826  144234.9
4717.2589  144559.1
4718.7352  144581.1
4720.2115  144312.8
4721.6878  144924.5
4723.1642  144960.8
4724.6405  144684.8
4726.1168  144155.7
4727.5931  144124.
4729.0695  143439.7
4730.5458  143394.5
4732.0221  143375.2
4733.4984  143270.8
4734.9747  143484.9
4736.4511  143288.8
4737.9274  143283.3
4739.4037  143406.9
4740.8800  143509.4
4742.3564  144416.
4743.8327  143823.
4745.3090  143782.3
4746.7853  143855.9
4748.2616  143967.8
4749.7380  143607.7
4751.2143  143605.3
4752.6906  143674.
4754.1669  143111.8
4755.6433  143102.5
4757.1196  143102.5
4758.5959  142653.7
4760.0722  142418.
4761.5485  142504.1
4763.0249  142104.3
4764.5012  141894.7
4765.9775  142643.9
4767.4538  142524.9
4768.9302  142659.6
4770.4065  142592.2
4771.8828  142342.5
4773.3591  142540.5
4774.8354  142937.4
4776.3118  143077.6
4777.7881  143464.4
4779.2644  142981.
4780.7407  142423.1
4782.2170  142870.9
4783.6934  143351.3
4785.1697  143106.2
4786.6460  142705.
4788.1223  142957.1
4789.5987  143247.9
4791.0750  142924.3
4792.5513  142608.6
4794.0276  142952.2
4795.5039  142777.1
4796.9803  142489.8
4798.4566  142474.4
4799.9329  142193.5
4801.4092  142207.2
4802.8856  141706.
4804.3619  141300.3
4805.8382  141572.3
4807.3145  142040.1
4808.7908  141782.5
4810.2672  141554.5
4811.7435  141327.2
4813.2198  141395.5
4814.6961  141450.9
4816.1725  140806.4
4817.6488  141121.5
4819.1251  140304.
4820.6014  139605.9
4822.0777  138579.2
4823.5541  137741.3
4825.0304  137728.4
4826.5067  137238.2
4827.9830  136915.8
4829.4593  136509.8
4830.9357  135962.2
4832.4120  135006.
4833.8883  134029.7
4835.3646  132817.7
4836.8410  131230.3
4838.3173  129986.9
4839.7936  127902.6
4841.2699  125836.
4842.7462  123537.4
4844.2226  120619.3
4845.6989  117765.5
4847.1752  113784.3
4848.6515  109318.3
4850.1279  105226.
4851.6042  100314.1
4853.0805  94472.77
4854.5568  87865.6
4856.0331  80586.66
4857.5095  72619.98
4858.9858  65134.53
4860.4621  60151.6
4861.9384  60160.15
4863.4148  65023.59
4864.8911  72553.61
4866.3674  80817.57
4867.8437  87825.18
4869.3200  94148.78
4870.7964  99951.46
4872.2727  104573.4
4873.7490  108823.7
4875.2253  112879.
4876.7016  116282.8
4878.1780  119270.6
4879.6543  122174.7
4881.1306  124820.8
4882.6069  126484.3
4884.0833  127805.2
4885.5596  129175.
4887.0359  130659.6
4888.5122  131963.6
4889.9885  132661.1
4891.4649  133360.
4892.9412  134391.7
4894.4175  135888.6
4895.8938  136769.3
4897.3702  137629.1
4898.8465  138014.5
4900.3228  137847.3
4901.7991  138180.3
4903.2754  138640.2
4904.7518  139337.9
4906.2281  139625.2
4907.7044  139520.5
4909.1807  139464.6
4910.6571  139296.
4912.1334  139411.1
4913.6097  140420.4
4915.0860  140631.7
4916.5623  140801.1
4918.0387  139836.7
4919.5150  138013.4
4920.9913  137507.7
4922.4676  137159.1
4923.9439  136964.4
4925.4203  138583.9
4926.8966  140134.9
4928.3729  141234.1
4929.8492  141253.
4931.3256  141210.8
4932.8019  140402.
4934.2782  139598.1
4935.7545  139831.8
4937.2308  140859.7
4938.7072  140543.5
4940.1835  141061.2
4941.6598  141414.6
4943.1361  141808.9
4944.6125  141993.5
4946.0888  141806.7
4947.5651  141708.5
4949.0414  141689.9
4950.5177  141309.2
4951.9941  141067.
4953.4704  140985.7
4954.9467  140777.3
4956.4230  140091.7
4957.8994  139058.4
4959.3757  139990.2
4960.8520  141416.2
4962.3283  141810.
4963.8046  141791.7
4965.2810  140882.1
4966.7573  140431.6
4968.2336  140535.7
4969.7099  141154.7
4971.1862  141371.1
4972.6626  141128.7
4974.1389  141287.3
4975.6152  141075.9
4977.0915  140685.5
4978.5679  140220.7
4980.0442  140251.
4981.5205  139596.5
4982.9968  139045.5
4984.4731  139121.5
4985.9495  139527.2
4987.4258  140008.7
4988.9021  140480.5
4990.3784  140224.3
4991.8548  139922.1
4993.3311  140038.
4994.8074  140457.3
4996.2837  140180.1
4997.7600  140376.5
4999.2364  139751.5
5000.7127  138752.5
5002.1890  138031.4
5003.6653  137886.2
5005.1417  137844.5
5006.6180  138107.5
5008.0943  138528.7
5009.5706  139149.3
5011.0469  139320.1
5012.5233  138805.6
5013.9996  138184.4
5015.4759  136976.3
5016.9522  135469.5
5018.4285  134769.
5019.9049  134692.3
5021.3812  136269.4
5022.8575  137348.7
5024.3338  137713.7
5025.8102  137986.6
5027.2865  138002.9
5028.7628  138366.6
5030.2391  137442.8
5031.7154  137617.5
5033.1918  137755.3
5034.6681  137382.
5036.1444  136665.1
5037.6207  136084.2
5039.0971  135563.2
5040.5734  134757.1
5042.0497  135211.9
5043.5260  136729.8
5045.0023  137251.2
5046.4787  137480.1
5047.9550  136721.8
5049.4313  136425.3
5050.9076  136385.6
5052.3840  135382.5
5053.8603  135234.4
5055.3366  135011.5
5056.8129  135092.7
5058.2892  135481.4
5059.7656  136663.6
5061.2419  137172.9
5062.7182  137035.6
5064.1945  136652.
5065.6709  135932.9
5067.1472  136375.4
5068.6235  136138.9
5070.0998  135995.8
5071.5761  136409.2
5073.0525  136310.4
5074.5288  136042.4
5076.0051  135865.4
5077.4814  135815.8
5078.9577  135556.5
5080.4341  135241.8
5081.9104  134999.8
5083.3867  135649.9
5084.8630  136205.1
5086.3394  136248.3
5087.8157  135978.9
5089.2920  136056.2
5090.7683  136049.8
5092.2446  136012.8
5093.7210  135668.7
5095.1973  135524.3
5096.6736  135415.9
5098.1499  134622.3
5099.6263  133893.1
5101.1026  134222.8
5102.5789  134773.8
5104.0552  135329.2
5105.5315  135740.9
5107.0079  134994.5
5108.4842  134800.9
5109.9605  135625.7
5111.4368  135852.5
5112.9132  135778.2
5114.3895  135669.5
5115.8658  135863.8
5117.3421  135724.6
5118.8184  135265.
5120.2948  135346.5
5121.7711  135241.2
5123.2474  135024.
5124.7237  134430.7
5126.2000  133983.5
5127.6764  133834.6
5129.1527  133807.5
5130.6290  134102.7
5132.1053  134311.5
5133.5817  134037.6
5135.0580  133908.5
5136.5343  133710.2
5138.0106  132794.7
5139.4869  132510.3
5140.9633  133118.1
5142.4396  133083.4
5143.9159  132780.1
5145.3922  132844.2
5146.8686  133056.5
5148.3449  133179.1
5149.8212  132838.
5151.2975  132987.2
5152.7738  132574.8
5154.2502  132619.4
5155.7265  133060.8
5157.2028  133089.8
5158.6791  132887.3
5160.1555  132687.2
5161.6318  133167.3
5163.1081  132234.3
5164.5844  130278.3
5166.0607  129058.5
5167.5371  127188.6
5169.0134  126022.
5170.4897  126587.9
5171.9660  127324.4
5173.4423  128704.7
5174.9187  130712.
5176.3950  132067.5
5177.8713  132507.9
5179.3476  131649.
5180.8240  130571.3
5182.3003  129708.
5183.7766  128047.8
5185.2529  127812.1
5186.7292  129064.3
5188.2056  129405.3
5189.6819  129382.2
5191.1582  129301.
5192.6345  129214.2
5194.1109  129468.7
5195.5872  129095.1
5197.0635  128945.3
5198.5398  129095.4
5200.0161  129986.8
5201.4925  130050.4
5202.9688  129860.2
5204.4451  129552.8
5205.9214  129607.3
5207.3978  129458.7
5208.8741  129642.2
5210.3504  129706.2
5211.8267  129709.4
5213.3030  129910.9
5214.7794  129436.
5216.2557  128804.7
5217.7320  129294.8
5219.2083  129700.8
5220.6846  129692.
5222.1610  129254.
5223.6373  128765.5
5225.1136  127459.9
5226.5899  126125.1
5228.0663  125815.6
5229.5426  127391.7
5231.0189  127715.4
5232.4952  126633.7
5233.9715  125975.5
5235.4479  126224.
5236.9242  126730.6
5238.4005  127693.1
5239.8768  128122.8
5241.3532  127581.4
5242.8295  127627.9
5244.3058  127669.3
5245.7821  127844.3
5247.2584  127560.
5248.7348  127733.
5250.2111  127668.1
5251.6874  127254.9
5253.1637  127083.5
5254.6401  127076.
5256.1164  127036.
5257.5927  127041.9
5259.0690  126646.1
5260.5453  125940.1
5262.0217  124772.4
5263.4980  124237.7
5264.9743  123708.2
5266.4506  123813.6
5267.9269  124107.8
5269.4033  124494.4
5270.8796  124380.6
5272.3559  124359.7
5273.8322  123983.9
5275.3086  123444.5
5276.7849  123613.4
5278.2612  123992.2
5279.7375  124853.2
5281.2138  124925.4
5282.6902  124530.5
5284.1665  124627.4
5285.6428  125308.1
5287.1191  125911.3
5288.5955  126271.2
5290.0718  125836.5
5291.5481  125618.5
5293.0244  125430.7
5294.5007  125539.7
5295.9771  124973.3
5297.4534  124942.5
5298.9297  124898.9
5300.4060  124570.6
5301.8824  124652.7
5303.3587  124411.9
5304.8350  124187.9
5306.3113  123988.6
5307.7876  124143.3
5309.2640  124666.7
5310.7403  124343.1
5312.2166  123514.6
5313.6929  122877.9
5315.1692  121577.2
5316.6456  120920.8
5318.1219  120899.1
5319.5982  120877.5
5321.0745  120855.8
5322.5509  120834.1
5324.0272  120812.4
5325.5035  120790.7
5326.9798  120769.1
5328.4561  120747.4
5329.9325  121727.5
5331.4088  122332.
5332.8851  122426.8
5334.3614  122946.2
5335.8378  122485.
5337.3141  121978.
5338.7904  121671.3
5340.2667  121676.6
5341.7430  123303.4
5343.2194  124104.4
5344.6957  123814.4
5346.1720  124708.3
5347.6483  124854.5
5349.1247  123558.9
5350.6010  122932.1
5352.0773  123055.3
5353.5536  123087.5
5355.0299  123029.7
5356.5063  122995.2
5357.9826  122495.1
5359.4589  122062.5
5360.9352  121450.3
5362.4116  120762.2
5363.8879  120460.6
5365.3642  120321.1
5366.8405  120507.4
5368.3168  120778.5
5369.7932  120773.2
5371.2695  120709.4
5372.7458  120988.9
5374.2221  121634.6
5375.6984  121757.9
5377.1748  121486.
5378.6511  121195.3
5380.1274  120782.
5381.6037  120781.8
5383.0801  120623.2
5384.5564  120882.1
5386.0327  121260.1
5387.5090  121071.
5388.9853  121210.3
5390.4617  120839.6
5391.9380  120949.7
