#JD      =     2455820.64853819                                                  

Wave Flux
3657.2598  1967.381
3658.7361  1989.49
3660.2124  1999.426
3661.6887  1937.129
3663.1651  1985.137
3664.6414  1928.167
3666.1177  2002.269
3667.5940  1996.326
3669.0703  1972.53
3670.5467  2035.369
3672.0230  2043.249
3673.4993  1981.922
3674.9756  2040.979
3676.4520  2031.479
3677.9283  2029.378
3679.4046  2044.232
3680.8809  2070.822
3682.3572  2035.226
3683.8336  2028.043
3685.3099  2104.602
3686.7862  2080.844
3688.2625  2145.644
3689.7388  2230.2
3691.2152  2164.023
3692.6915  2178.368
3694.1678  2277.124
3695.6441  2264.817
3697.1205  2277.686
3698.5968  2337.136
3700.0731  2373.184
3701.5494  2361.225
3703.0257  2293.013
3704.5021  2288.917
3705.9784  2319.929
3707.4547  2416.366
3708.9310  2443.111
3710.4074  2375.248
3711.8837  2350.323
3713.3600  2397.348
3714.8363  2524.745
3716.3126  2718.972
3717.7890  2741.353
3719.2653  2565.675
3720.7416  2368.114
3722.2179  2306.699
3723.6943  2525.212
3725.1706  2692.338
3726.6469  2894.932
3728.1232  3024.786
3729.5995  3018.596
3731.0759  2837.74
3732.5522  2549.448
3734.0285  2440.409
3735.5048  2416.127
3736.9811  2692.89
3738.4575  3184.991
3739.9338  3446.731
3741.4101  3656.35
3742.8864  3699.071
3744.3628  3539.627
3745.8391  3340.403
3747.3154  2924.847
3748.7917  2609.926
3750.2680  2519.168
3751.7444  2723.157
3753.2207  3088.904
3754.6970  3536.819
3756.1733  3876.294
3757.6497  4171.378
3759.1260  4383.842
3760.6023  4559.632
3762.0786  4540.76
3763.5549  4402.912
3765.0313  3981.633
3766.5076  3536.641
3767.9839  3198.849
3769.4602  2832.302
3770.9366  2704.558
3772.4129  2934.835
3773.8892  3354.771
3775.3655  3970.819
3776.8418  4446.132
3778.3182  4985.195
3779.7945  5398.769
3781.2708  5864.486
3782.7471  6006.317
3784.2234  6149.931
3785.6998  6213.248
3787.1761  5950.063
3788.6524  5640.713
3790.1287  5416.032
3791.6051  4888.401
3793.0814  4341.569
3794.5577  3731.817
3796.0340  3219.984
3797.5103  2927.539
3798.9867  2988.83
3800.4630  3381.993
3801.9393  3952.866
3803.4156  4661.338
3804.8920  5310.165
3806.3683  5856.4
3807.8446  6346.756
3809.3209  6818.33
3810.7972  7270.104
3812.2736  7383.987
3813.7499  7506.627
3815.2262  7546.781
3816.7025  7655.164
3818.1789  7713.957
3819.6552  7623.274
3821.1315  7443.96
3822.6078  7308.854
3824.0841  6936.221
3825.5605  6562.01
3827.0368  6074.149
3828.5131  5411.873
3829.9894  4849.708
3831.4657  4274.747
3832.9421  3706.248
3834.4184  3219.418
3835.8947  3158.723
3837.3710  3424.598
3838.8474  3905.986
3840.3237  4639.339
3841.8000  5425.568
3843.2763  6079.314
3844.7526  6663.85
3846.2290  7305.672
3847.7053  7798.286
3849.1816  8177.976
3850.6579  8558.259
3852.1343  8814.328
3853.6106  8961.13
3855.0869  8962.913
3856.5632  9142.604
3858.0395  9329.953
3859.5159  9414.869
3860.9922  9548.012
3862.4685  9646.291
3863.9448  9734.592
3865.4212  9690.831
3866.8975  9724.245
3868.3738  9780.538
3869.8501  9621.481
3871.3264  9416.099
3872.8028  9276.592
3874.2791  9085.971
3875.7554  8713.074
3877.2317  8305.317
3878.7080  7877.029
3880.1844  7429.808
3881.6607  6790.107
3883.1370  6031.477
3884.6133  5328.945
3886.0897  4572.828
3887.5660  3915.019
3889.0423  3678.219
3890.5186  3861.345
3891.9949  4417.416
3893.4713  5237.231
3894.9476  6032.157
3896.4239  6691.835
3897.9002  7308.817
3899.3766  7869.093
3900.8529  8594.14
3902.3292  9105.475
3903.8055  9459.609
3905.2818  9922.426
3906.7582  10188.95
3908.2345  10583.16
3909.7108  10790.72
3911.1871  11097.11
3912.6635  11038.12
3914.1398  11123.07
3915.6161  11398.47
3917.0924  11380.25
3918.5687  11614.23
3920.0451  11791.01
3921.5214  11715.21
3922.9977  11753.61
3924.4740  11889.29
3925.9503  11769.7
3927.4267  11665.21
3928.9030  11563.19
3930.3793  11176.95
3931.8556  10556.29
3933.3320  10084.41
3934.8083  10111.62
3936.2846  10787.51
3937.7609  11329.12
3939.2372  11661.74
3940.7136  11710.06
3942.1899  11823.77
3943.6662  11764.71
3945.1425  11709.62
3946.6189  11753.55
3948.0952  11735.23
3949.5715  11493.33
3951.0478  11439.67
3952.5241  11082.15
3954.0005  10996.05
3955.4768  10684.14
3956.9531  10262.23
3958.4294  9768.513
3959.9058  9243.202
3961.3821  8414.439
3962.8584  7746.115
3964.3347  6933.386
3965.8110  6003.51
3967.2874  5153.972
3968.7637  4396.238
3970.2400  4120.621
3971.7163  4577.276
3973.1927  5365.362
3974.6690  6324.869
3976.1453  7271.36
3977.6216  8153.407
3979.0979  9057.321
3980.5743  9770.339
3982.0506  10308.82
3983.5269  10783.62
3985.0032  11379.17
3986.4795  11848.13
3987.9559  12176.14
3989.4322  12619.81
3990.9085  12892.72
3992.3848  12935.69
3993.8612  13167.6
3995.3375  13421.21
3996.8138  13480.49
3998.2901  13483.32
3999.7664  13601.01
4001.2428  13803.67
4002.7191  13926.91
4004.1954  13982.64
4005.6717  14034.15
4007.1481  14207.42
4008.6244  14220.31
4010.1007  14309.6
4011.5770  14504.46
4013.0533  14625.48
4014.5297  14558.18
4016.0060  14726.06
4017.4823  14891.35
4018.9586  14877.63
4020.4350  14959.39
4021.9113  15102.89
4023.3876  14838.92
4024.8639  14832.12
4026.3402  14869.97
4027.8166  14834.52
4029.2929  15008.06
4030.7692  15037.77
4032.2455  15133.35
4033.7218  15397.05
4035.1982  15401.23
4036.6745  15541.22
4038.1508  15667.98
4039.6271  15632.28
4041.1035  15706.93
4042.5798  15626.1
4044.0561  15517.98
4045.5324  15514.28
4047.0087  15605.43
4048.4851  15712.25
4049.9614  15718.95
4051.4377  15756.71
4052.9140  15815.55
4054.3904  15771.54
4055.8667  15695.34
4057.3430  15823.59
4058.8193  15842.2
4060.2956  15754.43
4061.7720  15782.71
4063.2483  15739.22
4064.7246  15525.34
4066.2009  15394.45
4067.6773  15670.17
4069.1536  15666.14
4070.6299  15445.3
4072.1062  15453.84
4073.5825  15430.08
4075.0589  15306.11
4076.5352  15128.21
4078.0115  15138.76
4079.4878  15000.47
4080.9641  14694.6
4082.4405  14617.35
4083.9168  14257.47
4085.3931  14005.59
4086.8694  13755.1
4088.3458  13281.62
4089.8221  12751.
4091.2984  11958.
4092.7747  11107.11
4094.2510  10320.82
4095.7274  9428.259
4097.2037  8331.254
4098.6800  7375.616
4100.1563  6533.417
4101.6327  5985.753
4103.1090  6143.761
4104.5853  6939.428
4106.0616  7927.161
4107.5379  9078.334
4109.0143  10147.34
4110.4906  11144.96
4111.9669  12078.42
4113.4432  12734.35
4114.9196  13309.44
4116.3959  13947.63
4117.8722  14591.4
4119.3485  14906.96
4120.8248  15257.
4122.3012  15706.85
4123.7775  15994.04
4125.2538  16021.36
4126.7301  16004.01
4128.2064  16157.93
4129.6828  16219.88
4131.1591  16320.98
4132.6354  16407.61
4134.1117  17009.68
4135.5881  17219.57
4137.0644  17223.92
4138.5407  17274.47
4140.0170  17566.58
4141.4933  17557.33
4142.9697  17440.08
4144.4460  17430.7
4145.9223  17750.8
4147.3986  17864.31
4148.8750  17854.33
4150.3513  17851.31
4151.8276  17940.43
4153.3039  18051.21
4154.7802  17980.6
4156.2566  17821.45
4157.7329  18104.8
4159.2092  18202.96
4160.6855  18291.31
4162.1619  18174.78
4163.6382  18254.82
4165.1145  18249.59
4166.5908  18275.1
4168.0671  18269.35
4169.5435  18359.79
4171.0198  18214.89
4172.4961  18173.33
4173.9724  18100.42
4175.4487  18246.67
4176.9251  18332.9
4178.4014  18277.07
4179.8777  18303.5
4181.3540  18467.94
4182.8304  18778.06
4184.3067  18918.39
4185.7830  18851.22
4187.2593  18848.76
4188.7356  18777.13
4190.2120  18908.15
4191.6883  18915.85
4193.1646  19029.62
4194.6409  19340.69
4196.1173  19268.7
4197.5936  19079.92
4199.0699  19238.13
4200.5462  19189.85
4202.0225  19136.88
4203.4989  19188.99
4204.9752  19313.77
4206.4515  19290.22
4207.9278  19392.11
4209.4042  19575.73
4210.8805  19349.8
4212.3568  19654.76
4213.8331  19593.59
4215.3094  19458.87
4216.7858  19391.31
4218.2621  19598.97
4219.7384  19629.47
4221.2147  19558.1
4222.6911  19706.93
4224.1674  19602.78
4225.6437  19524.85
4227.1200  19459.84
4228.5963  19593.37
4230.0727  19600.31
4231.5490  19789.76
4233.0253  19708.05
4234.5016  19548.51
4235.9779  19581.13
4237.4543  19980.48
4238.9306  20040.42
4240.4069  20048.1
4241.8832  20122.81
4243.3596  19995.22
4244.8359  20097.06
4246.3122  20040.54
4247.7885  19955.59
4249.2648  20035.48
4250.7412  19989.1
4252.2175  19954.82
4253.6938  20244.31
4255.1701  20371.33
4256.6465  20477.17
4258.1228  20299.02
4259.5991  20079.82
4261.0754  20213.8
4262.5517  20129.91
4264.0281  20404.78
4265.5044  20620.11
4266.9807  20683.76
4268.4570  20702.81
4269.9334  20571.75
4271.4097  20172.36
4272.8860  20222.02
4274.3623  20177.58
4275.8386  20477.38
4277.3150  20612.19
4278.7913  20523.59
4280.2676  20712.13
4281.7439  20619.5
4283.2202  20649.16
4284.6966  20835.59
4286.1729  20691.39
4287.6492  20521.57
4289.1255  20571.12
4290.6019  20436.72
4292.0782  20591.31
4293.5545  20514.94
4295.0308  20572.71
4296.5071  20369.39
4297.9835  20386.12
4299.4598  20216.58
4300.9361  20205.55
4302.4124  20006.39
4303.8888  20001.41
4305.3651  20184.53
4306.8414  20219.89
4308.3177  20175.09
4309.7940  20225.7
4311.2704  19714.86
4312.7467  19840.91
4314.2230  19744.25
4315.6993  19580.63
4317.1757  19530.68
4318.6520  19328.16
4320.1283  19042.96
4321.6046  18885.86
4323.0809  18459.7
4324.5573  17827.
4326.0336  17195.31
4327.5099  16642.13
4328.9862  16078.25
4330.4625  15192.64
4331.9389  14419.33
4333.4152  13408.13
4334.8915  12270.77
4336.3678  11029.14
4337.8442  9777.71
4339.3205  8812.705
4340.7968  8341.262
4342.2731  8612.076
4343.7494  9677.396
4345.2258  10974.83
4346.7021  12316.03
4348.1784  13530.04
4349.6547  14577.29
4351.1311  15512.77
4352.6074  16314.09
4354.0837  17066.36
4355.5600  17977.58
4357.0363  18563.47
4358.5127  19124.97
4359.9890  19734.22
4361.4653  20029.71
4362.9416  20439.05
4364.4180  20685.31
4365.8943  20914.87
4367.3706  20922.91
4368.8469  21239.85
4370.3232  21307.13
4371.7996  21464.33
4373.2759  21759.41
4374.7522  21779.32
4376.2285  21896.23
4377.7048  22084.07
4379.1812  22239.6
4380.6575  22432.2
4382.1338  22207.5
4383.6101  21814.44
4385.0865  21685.88
4386.5628  21973.79
4388.0391  22108.04
4389.5154  22128.8
4390.9917  22375.92
4392.4681  22413.67
4393.9444  22386.58
4395.4207  22426.21
4396.8970  22580.65
4398.3734  22859.67
4399.8497  22902.51
4401.3260  22858.35
4402.8023  22941.73
4404.2786  23073.01
4405.7550  23017.11
4407.2313  23221.66
4408.7076  23170.94
4410.1839  23433.
4411.6603  23291.46
4413.1366  23084.7
4414.6129  23017.1
4416.0892  22797.52
4417.5655  22536.45
4419.0419  22914.66
4420.5182  23145.14
4421.9945  23094.51
4423.4708  23277.57
4424.9471  23423.92
4426.4235  23401.65
4427.8998  23261.09
4429.3761  23152.03
4430.8524  23250.72
4432.3288  23359.94
4433.8051  23134.17
4435.2814  23195.77
4436.7577  23233.46
4438.2340  23324.43
4439.7104  23473.68
4441.1867  23506.1
4442.6630  23526.47
4444.1393  22785.25
4445.6157  23099.08
4447.0920  23412.8
4448.5683  23733.58
4450.0446  23798.77
4451.5209  23921.95
4452.9973  23919.76
4454.4736  23734.28
4455.9499  23976.35
4457.4262  23930.1
4458.9026  23906.49
4460.3789  23983.72
4461.8552  24138.85
4463.3315  24084.06
4464.8078  24085.88
4466.2842  23993.62
4467.7605  23879.91
4469.2368  23770.88
4470.7131  23709.44
4472.1894  23657.16
4473.6658  23798.45
4475.1421  24058.23
4476.6184  24119.77
4478.0947  24131.99
4479.5711  23557.33
4481.0474  22876.67
4482.5237  22951.63
4484.0000  23283.71
4485.4763  23969.97
4486.9527  24419.56
4488.4290  24348.24
4489.9053  24354.65
4491.3816  24366.65
4492.8580  24340.27
4494.3343  24269.6
4495.8106  24438.22
4497.2869  24763.53
4498.7632  24709.52
4500.2396  24588.72
4501.7159  24814.37
4503.1922  24774.25
4504.6685  24738.08
4506.1449  24950.51
4507.6212  24987.07
4509.0975  24843.49
4510.5738  24932.64
4512.0501  25019.31
4513.5265  24957.55
4515.0028  24841.65
4516.4791  24839.48
4517.9554  24735.8
4519.4318  24785.06
4520.9081  24738.02
4522.3844  24542.78
4523.8607  24666.74
4525.3370  24978.68
4526.8134  24998.86
4528.2897  25016.21
4529.7660  24953.78
4531.2423  25123.98
4532.7186  25055.02
4534.1950  24856.82
4535.6713  24913.
4537.1476  25062.64
4538.6239  25135.18
4540.1003  25098.38
4541.5766  25377.5
4543.0529  25383.44
4544.5292  25360.56
4546.0055  25180.9
4547.4819  25241.47
4548.9582  24633.53
4550.4345  24549.97
4551.9108  24647.85
4553.3872  24700.94
4554.8635  24631.68
4556.3398  24625.11
4557.8161  24674.45
4559.2924  24882.76
4560.7688  25132.34
4562.2451  24938.46
4563.7214  25024.29
4565.1977  25020.72
4566.6741  25433.02
4568.1504  25480.61
4569.6267  25503.4
4571.1030  25179.83
4572.5793  25086.02
4574.0557  25064.4
4575.5320  25085.48
4577.0083  25342.36
4578.4846  25343.11
4579.9609  25358.19
4581.4373  25225.63
4582.9136  25311.63
4584.3899  25356.17
4585.8662  25312.3
4587.3426  25345.06
4588.8189  25547.44
4590.2952  25497.68
4591.7715  25472.61
4593.2478  25618.94
4594.7242  25872.82
4596.2005  25793.71
4597.6768  25846.33
4599.1531  26092.03
4600.6295  25971.03
4602.1058  25865.76
4603.5821  25953.7
4605.0584  26105.03
4606.5347  26365.79
4608.0111  26464.81
4609.4874  26264.06
4610.9637  26059.17
4612.4400  26075.69
4613.9164  26109.31
4615.3927  26223.64
4616.8690  26043.34
4618.3453  25818.57
4619.8216  25964.84
4621.2980  25945.13
4622.7743  25792.93
4624.2506  25980.91
4625.7269  26241.06
4627.2032  26353.45
4628.6796  26309.8
4630.1559  26260.34
4631.6322  26081.57
4633.1085  25909.3
4634.5849  25978.97
4636.0612  26170.84
4637.5375  26218.54
4639.0138  26259.21
4640.4901  26445.94
4641.9665  26455.21
4643.4428  26515.71
4644.9191  26307.9
4646.3954  26422.71
4647.8718  26680.7
4649.3481  26510.9
4650.8244  26470.8
4652.3007  26593.41
4653.7770  26554.75
4655.2534  26528.74
4656.7297  26568.57
4658.2060  26689.54
4659.6823  26851.43
4661.1587  26930.81
4662.6350  26810.02
4664.1113  26670.9
4665.5876  26186.49
4667.0639  25984.56
4668.5403  26186.06
4670.0166  26265.55
4671.4929  26297.89
4672.9692  26514.91
4674.4455  26632.42
4675.9219  26431.39
4677.3982  26752.21
4678.8745  26714.46
4680.3508  26698.11
4681.8272  26745.27
4683.3035  27201.04
4684.7798  27172.76
4686.2561  27199.6
4687.7324  27194.31
4689.2088  26933.86
4690.6851  27113.3
4692.1614  26885.35
4693.6377  27008.13
4695.1141  27154.
4696.5904  27306.16
4698.0667  27084.61
4699.5430  26730.88
4701.0193  26851.86
4702.4957  26856.37
4703.9720  26672.1
4705.4483  26937.04
4706.9246  26935.13
4708.4010  27041.3
4709.8773  26997.7
4711.3536  27033.02
4712.8299  27087.03
4714.3062  26834.52
4715.7826  26905.14
4717.2589  27055.2
4718.7352  27185.84
4720.2115  27346.92
4721.6878  27197.31
4723.1642  27088.03
4724.6405  27248.25
4726.1168  27158.41
4727.5931  27297.38
4729.0695  27039.26
4730.5458  26739.29
4732.0221  26876.21
4733.4984  26982.22
4734.9747  26962.66
4736.4511  27136.7
4737.9274  27050.19
4739.4037  26919.48
4740.8800  26827.95
4742.3564  26955.14
4743.8327  27166.96
4745.3090  27060.21
4746.7853  27025.18
4748.2616  27008.1
4749.7380  26960.1
4751.2143  27000.54
4752.6906  27058.49
4754.1669  26903.77
4755.6433  27028.62
4757.1196  26944.04
4758.5959  27067.41
4760.0722  26974.74
4761.5485  26902.14
4763.0249  26667.75
4764.5012  26942.65
4765.9775  26878.29
4767.4538  26974.85
4768.9302  26902.22
4770.4065  27020.15
4771.8828  27075.57
4773.3591  26952.42
4774.8354  27018.69
4776.3118  27032.77
4777.7881  27059.64
4779.2644  27096.88
4780.7407  27112.14
4782.2170  27035.56
4783.6934  27117.96
4785.1697  27192.12
4786.6460  27037.76
4788.1223  27059.28
4789.5987  27045.46
4791.0750  26891.36
4792.5513  27065.1
4794.0276  27318.73
4795.5039  27334.1
4796.9803  27312.28
4798.4566  27335.56
4799.9329  27106.32
4801.4092  27045.61
4802.8856  27090.5
4804.3619  26942.73
4805.8382  26755.25
4807.3145  26934.8
4808.7908  27012.79
4810.2672  26954.17
4811.7435  26941.62
4813.2198  27043.4
4814.6961  26706.57
4816.1725  26710.36
4817.6488  26844.81
4819.1251  26808.75
4820.6014  26643.35
4822.0777  26489.41
4823.5541  26303.75
4825.0304  26072.69
4826.5067  26148.35
4827.9830  25950.44
4829.4593  25838.56
4830.9357  25966.31
4832.4120  25802.68
4833.8883  25692.69
4835.3646  25487.64
4836.8410  25153.58
4838.3173  24944.22
4839.7936  24680.23
4841.2699  24222.52
4842.7462  23934.75
4844.2226  23590.5
4845.6989  22829.28
4847.1752  22203.26
4848.6515  21478.14
4850.1279  20587.72
4851.6042  19762.22
4853.0805  18739.7
4854.5568  17489.56
4856.0331  16002.42
4857.5095  14592.69
4858.9858  13261.18
4860.4621  12110.23
4861.9384  11592.26
4863.4148  11973.83
4864.8911  13168.17
4866.3674  14639.88
4867.8437  16148.78
4869.3200  17529.74
4870.7964  18672.64
4872.2727  19705.71
4873.7490  20506.05
4875.2253  21271.85
4876.7016  22119.77
4878.1780  22753.03
4879.6543  23378.08
4881.1306  23852.2
4882.6069  24175.2
4884.0833  24446.23
4885.5596  24748.92
4887.0359  25195.33
4888.5122  25411.18
4889.9885  25615.9
4891.4649  25796.9
4892.9412  25902.74
4894.4175  26059.64
4895.8938  26309.78
4897.3702  26563.88
4898.8465  26668.79
4900.3228  26747.88
4901.7991  26672.45
4903.2754  26541.76
4904.7518  26766.38
4906.2281  27023.
4907.7044  27099.23
4909.1807  27016.17
4910.6571  26934.48
4912.1334  26715.34
4913.6097  26940.9
4915.0860  27410.35
4916.5623  27274.28
4918.0387  27179.19
4919.5150  26949.36
4920.9913  26851.64
4922.4676  26828.1
4923.9439  26776.11
4925.4203  26823.76
4926.8966  27147.28
4928.3729  27335.59
4929.8492  27403.63
4931.3256  27458.68
4932.8019  27398.08
4934.2782  27212.56
4935.7545  27161.75
4937.2308  27363.68
4938.7072  27440.92
4940.1835  27502.55
4941.6598  27658.4
4943.1361  27733.49
4944.6125  27715.63
4946.0888  27724.93
4947.5651  27730.04
4949.0414  27823.6
4950.5177  27876.05
4951.9941  27765.32
4953.4704  27610.27
4954.9467  27645.68
4956.4230  27522.9
4957.8994  27331.89
4959.3757  27339.8
4960.8520  27650.36
4962.3283  27580.91
4963.8046  27523.96
4965.2810  27836.68
4966.7573  27829.26
4968.2336  27614.08
4969.7099  27655.11
4971.1862  27695.21
4972.6626  27842.3
4974.1389  27867.05
4975.6152  27701.75
4977.0915  27839.18
4978.5679  27787.04
4980.0442  27549.21
4981.5205  27408.08
4982.9968  27365.42
4984.4731  27231.62
4985.9495  27400.23
4987.4258  27565.93
4988.9021  27767.78
4990.3784  27659.37
4991.8548  27564.96
4993.3311  27613.32
4994.8074  27680.96
4996.2837  27711.59
4997.7600  27674.5
4999.2364  27706.57
5000.7127  27295.03
5002.1890  27304.41
5003.6653  27256.62
5005.1417  27124.5
5006.6180  27321.22
5008.0943  27433.38
5009.5706  27409.75
5011.0469  27220.02
5012.5233  27313.59
5013.9996  27262.09
5015.4759  27107.62
5016.9522  27067.94
5018.4285  26765.28
5019.9049  26615.09
5021.3812  26823.58
5022.8575  27120.65
5024.3338  27220.
5025.8102  27316.75
5027.2865  27414.35
5028.7628  27454.86
5030.2391  27147.72
5031.7154  27170.42
5033.1918  27550.6
5034.6681  27464.95
5036.1444  27113.59
5037.6207  27207.84
5039.0971  27145.82
5040.5734  27025.46
5042.0497  27015.26
5043.5260  26854.41
5045.0023  27047.27
5046.4787  27218.55
5047.9550  27380.37
5049.4313  27432.26
5050.9076  27391.96
5052.3840  27114.
5053.8603  27125.09
5055.3366  27072.25
5056.8129  26993.31
5058.2892  26939.
5059.7656  27266.73
5061.2419  27353.03
5062.7182  27275.36
5064.1945  27394.21
5065.6709  27471.13
5067.1472  27439.91
5068.6235  27275.21
5070.0998  27268.15
5071.5761  27140.69
5073.0525  27170.4
5074.5288  27053.32
5076.0051  27113.19
5077.4814  27177.
5078.9577  27203.34
5080.4341  27181.5
5081.9104  27228.52
5083.3867  27198.
5084.8630  27339.18
5086.3394  27293.66
5087.8157  27344.18
5089.2920  27481.26
5090.7683  27319.32
5092.2446  27352.5
5093.7210  27502.94
5095.1973  27350.03
5096.6736  27377.55
5098.1499  27467.48
5099.6263  27172.54
5101.1026  27104.94
5102.5789  27171.05
5104.0552  27235.44
5105.5315  27343.22
5107.0079  27372.37
5108.4842  27326.25
5109.9605  27278.79
5111.4368  27218.82
5112.9132  27312.84
5114.3895  27567.77
5115.8658  27595.89
5117.3421  27514.3
5118.8184  27452.7
5120.2948  27371.2
5121.7711  27234.65
5123.2474  27201.11
5124.7237  27128.48
5126.2000  27113.46
5127.6764  27136.49
5129.1527  27250.98
5130.6290  27154.
5132.1053  27213.88
5133.5817  27207.71
5135.0580  27026.9
5136.5343  27197.07
5138.0106  27126.94
5139.4869  27153.01
5140.9633  27114.12
5142.4396  27048.44
5143.9159  27028.54
5145.3922  26957.13
5146.8686  26974.79
5148.3449  27083.57
5149.8212  26937.85
5151.2975  26939.68
5152.7738  27029.6
5154.2502  26935.69
5155.7265  26999.99
5157.2028  26928.45
5158.6791  26934.82
5160.1555  27073.45
5161.6318  27104.11
5163.1081  27102.1
5164.5844  26929.89
5166.0607  26689.35
5167.5371  25942.65
5169.0134  25781.88
5170.4897  25787.42
5171.9660  25936.53
5173.4423  26223.97
5174.9187  26362.81
5176.3950  26658.36
5177.8713  26874.
5179.3476  26835.44
5180.8240  26755.61
5182.3003  26727.17
5183.7766  26281.85
5185.2529  26231.6
5186.7292  26525.36
5188.2056  26667.53
5189.6819  26487.62
5191.1582  26432.03
5192.6345  26597.39
5194.1109  26600.63
5195.5872  26605.32
5197.0635  26545.
5198.5398  26502.54
5200.0161  26689.67
5201.4925  26718.92
5202.9688  26789.91
5204.4451  26749.75
5205.9214  26588.56
5207.3978  26680.5
5208.8741  26663.05
5210.3504  26776.95
5211.8267  26843.73
5213.3030  26606.94
5214.7794  26613.75
5216.2557  26520.6
5217.7320  26545.75
5219.2083  26621.79
5220.6846  26676.46
5222.1610  26883.62
5223.6373  26798.12
5225.1136  26512.76
5226.5899  26100.39
5228.0663  26100.97
5229.5426  26196.52
5231.0189  26272.41
5232.4952  26252.46
5233.9715  25936.83
5235.4479  25785.11
5236.9242  25882.64
5238.4005  26300.16
5239.8768  26664.02
5241.3532  26589.75
5242.8295  26629.06
5244.3058  26801.12
5245.7821  26723.51
5247.2584  26611.04
5248.7348  26617.3
5250.2111  26480.62
5251.6874  26496.1
5253.1637  26649.26
5254.6401  26494.15
5256.1164  26439.68
5257.5927  26543.4
5259.0690  26291.35
5260.5453  26098.3
5262.0217  26061.26
5263.4980  26030.89
5264.9743  25815.95
5266.4506  25798.33
5267.9269  25791.04
5269.4033  25793.34
5270.8796  25955.52
5272.3559  25829.81
5273.8322  25847.04
5275.3086  25584.25
5276.7849  25698.6
5278.2612  25624.48
5279.7375  25954.13
5281.2138  26327.98
5282.6902  26404.01
5284.1665  26127.19
5285.6428  26113.94
5287.1191  26184.7
5288.5955  26232.65
5290.0718  26393.53
5291.5481  26348.16
5293.0244  26237.72
5294.5007  26214.54
5295.9771  26214.23
5297.4534  25967.96
5298.9297  25979.66
5300.4060  26205.27
5301.8824  26113.22
5303.3587  25991.26
5304.8350  25947.35
5306.3113  25920.91
5307.7876  26040.3
5309.2640  26269.03
5310.7403  26064.79
5312.2166  25844.66
5313.6929  25828.11
5315.1692  25558.42
5316.6456  25325.8
5318.1219  25348.44
5319.5982  25371.07
5321.0745  25393.71
5322.5509  25416.35
5324.0272  25438.99
5325.5035  25461.62
5326.9798  25484.26
5328.4561  25506.89
5329.9325  25746.02
5331.4088  25670.89
5332.8851  25717.47
5334.3614  25689.41
5335.8378  25711.29
5337.3141  25697.49
5338.7904  25681.35
5340.2667  25753.63
5341.7430  25755.56
5343.2194  25829.46
5344.6957  25885.72
5346.1720  25971.84
5347.6483  25966.69
5349.1247  26003.46
5350.6010  26072.4
5352.0773  25944.52
5353.5536  25817.56
5355.0299  25951.64
5356.5063  25962.56
5357.9826  25873.12
5359.4589  25914.86
5360.9352  25923.04
5362.4116  25754.63
5363.8879  25457.02
5365.3642  25424.36
5366.8405  25415.87
5368.3168  25495.71
5369.7932  25569.59
5371.2695  25468.82
5372.7458  25485.32
5374.2221  25602.04
5375.6984  25881.17
5377.1748  25985.53
5378.6511  25865.04
5380.1274  25666.
5381.6037  25682.16
5383.0801  25656.04
5384.5564  25627.79
5386.0327  25506.51
5387.5090  25765.69
5388.9853  25754.08
5390.4617  25622.58
5391.9380  25605.39
